
('https://www.youtube.com/watch?v=8X2kIfS6fb8&t=9s',
 'https://r5---sn-4g5edn7s.googlevideo.com',
 {'173.194.151.235': [datetime.datetime(2018, 6, 25, 16, 5, 30, 856251),
                      [15.616, 16.389, 17.665],
                      [1.3295950889587402,
                       None,
                       100,
                       8207764.0,
                       656.62112,
                       8207763,
                       0,
                       261120,
                       33209.64285409979,
                       None,
                       0.0,
                       99.99998781641382,
                       0.0,
                       0.12019610404968262,
                       52331.530795364226],
                      None,
                      '_default_192.168.1.1__google_public_dns_8.8.8.8__open_dns_208.67.220.220',
                      0.006577968597412109,
                      15169,
                      200]})

('https://www.youtube.com/watch?v=gPHVLxm8U-0',
 'https://r5---sn-4g5ednz7.googlevideo.com',
 {'74.125.173.234': [datetime.datetime(2018, 6, 25, 16, 5, 55, 102407),
                     [13.415, 14.26, 14.841],
                     [4.088915824890137,
                      None,
                      313,
                      25741962.0,
                      657.9415207667731,
                      25741961,
                      0,
                      261120,
                      36095.73068617757,
                      None,
                      0.0,
                      312.9999878408647,
                      0.0,
                      0.07051301002502441,
                      51753.901048529064],
                     None,
                     '_default_192.168.1.1__google_public_dns_8.8.8.8__open_dns_208.67.220.220',
                     0.0025010108947753906,
                     15169,
                     200]})

('https://www.youtube.com/watch?v=L8gV7LSt6sI',
 'https://r1---sn-4g5ednsy.googlevideo.com',
 {'74.125.173.134': [datetime.datetime(2018, 6, 25, 16, 6, 22, 417468),
                     [13.755, 14.75, 16.043],
                     [2.036033868789673,
                      None,
                      145,
                      12410262.0,
                      684.7041103448277,
                      12410261,
                      0,
                      261120,
                      34875.90171335769,
                      None,
                      0.0,
                      144.99998831612095,
                      0.0,
                      0.11357688903808594,
                      52755.877829138975],
                     None,
                     '_default_192.168.1.1__google_public_dns_8.8.8.8__open_dns_208.67.220.220',
                     0.0025827884674072266,
                     15169,
                     200]})

('https://www.youtube.com/watch?v=4V3Y8Sbz9HI',
 'https://r1---sn-4g5e6nze.googlevideo.com',
 {'173.194.187.198': [datetime.datetime(2018, 6, 25, 16, 6, 44, 228334),
                      [16.363, 17.608, 18.685],
                      None,
                      None,
                      '_default_192.168.1.1__google_public_dns_8.8.8.8__open_dns_208.67.220.220',
                      0.0022161006927490234,
                      15169,
                      None]})

('https://www.youtube.com/watch?v=Aj1mWO00z0c',
 'https://r1---sn-4g5e6ney.googlevideo.com',
 {'173.194.164.103': [datetime.datetime(2018, 6, 25, 16, 7, 6, 394559),
                      [14.978, 15.802, 16.911],
                      [2.5929160118103027,
                       None,
                       337,
                       16139867.0,
                       383.14224332344213,
                       16139866,
                       0,
                       130048,
                       22481.642311880474,
                       None,
                       0.0,
                       336.99997912002624,
                       0.0,
                       0.11219978332519531,
                       51227.49006128481],
                      None,
                      '_default_192.168.1.1__google_public_dns_8.8.8.8__open_dns_208.67.220.220',
                      0.0025200843811035156,
                      15169,
                      200]})

('https://www.youtube.com/watch?v=3tYpfAPVEs0',
 'https://r2---sn-4g5ednle.googlevideo.com',
 {'74.125.104.88': [datetime.datetime(2018, 6, 25, 16, 7, 32, 88108),
                    [14.218, 15.204, 15.948],
                    [3.211669921875,
                     None,
                     357,
                     20079302.0,
                     449.9563473389356,
                     20079301,
                     0,
                     130048,
                     25038.7989966318,
                     None,
                     0.0,
                     356.9999822204975,
                     0.0,
                     0.09182190895080566,
                     51424.104192972816],
                    None,
                    '_default_192.168.1.1__google_public_dns_8.8.8.8__open_dns_208.67.220.220',
                    0.0023200511932373047,
                    15169,
                    200]})

('https://www.youtube.com/watch?v=fODeb-XvOBc',
 'https://r1---sn-4g5ednek.googlevideo.com',
 {'173.194.164.183': [datetime.datetime(2018, 6, 25, 16, 7, 57, 658441),
                      [15.132, 15.649, 16.709],
                      [3.0728728771209717,
                       None,
                       218,
                       18849517.0,
                       691.7253944954128,
                       18849516,
                       0,
                       261120,
                       31083.864719129822,
                       None,
                       0.0,
                       217.99998843471693,
                       0.0,
                       0.10819792747497559,
                       51212.12998642276],
                      None,
                      '_default_192.168.1.1__google_public_dns_8.8.8.8__open_dns_208.67.220.220',
                      0.003267049789428711,
                      15169,
                      200]})

('https://www.youtube.com/watch?v=r5Kd7ltWS9w',
 'https://r5---sn-4g5ednee.googlevideo.com',
 {'74.125.11.27': [datetime.datetime(2018, 6, 25, 16, 8, 20, 383998),
                   [14.759, 15.612, 16.571],
                   [9.064419984817505,
                    None,
                    1007,
                    56872686.0,
                    451.81875670307846,
                    56872685,
                    0,
                    130048,
                    23354.20648193184,
                    None,
                    0.0,
                    1006.9999822937851,
                    0.0,
                    0.10436820983886719,
                    51255.10169454707],
                   None,
                   '_default_192.168.1.1__google_public_dns_8.8.8.8__open_dns_208.67.220.220',
                   0.002852916717529297,
                   15169,
                   200]})

('https://www.youtube.com/watch?v=rAH8qm5oQHg',
 'https://r4---sn-4g5ednsd.googlevideo.com',
 {'173.194.188.201': [datetime.datetime(2018, 6, 25, 16, 8, 52, 631166),
                      [15.294, 15.977, 16.544],
                      [0.6167881488800049,
                       None,
                       50,
                       3758416.0,
                       601.3465600000001,
                       3758415,
                       0,
                       261120,
                       34068.75115227585,
                       None,
                       0.0,
                       49.999986696523216,
                       0.0,
                       0.07525014877319336,
                       52303.52505267164],
                      None,
                      '_default_192.168.1.1__google_public_dns_8.8.8.8__open_dns_208.67.220.220',
                      0.0026459693908691406,
                      15169,
                      200]})

('https://www.youtube.com/watch?v=-QPdRfqTnt4',
 'https://r4---sn-4g5ednsy.googlevideo.com',
 {'74.125.173.137': [datetime.datetime(2018, 6, 25, 16, 9, 15, 943538),
                     [15.235, 16.086, 16.654],
                     [0.8119370937347412,
                      None,
                      80,
                      4863000.0,
                      486.3,
                      4862999,
                      0,
                      130048,
                      29096.67653119249,
                      None,
                      0.0,
                      79.99998354924944,
                      0.0,
                      0.07615303993225098,
                      52202.04478841857],
                     None,
                     '_default_192.168.1.1__google_public_dns_8.8.8.8__open_dns_208.67.220.220',
                     0.0025229454040527344,
                     15169,
                     200]})

('https://www.youtube.com/watch?v=S6enIZ2qxEo',
 'https://r5---sn-4g5e6nle.googlevideo.com',
 {'173.194.164.139': [datetime.datetime(2018, 6, 25, 16, 9, 36, 575104),
                      [16.932, 17.677, 18.864],
                      [6.520432949066162,
                       None,
                       633,
                       40644041.0,
                       513.6687646129542,
                       40644040,
                       0,
                       130048,
                       23936.188106393132,
                       None,
                       0.0,
                       632.9999844257611,
                       0.0,
                       0.11297106742858887,
                       51778.88262287053],
                      None,
                      '_default_192.168.1.1__google_public_dns_8.8.8.8__open_dns_208.67.220.220',
                      0.0028541088104248047,
                      15169,
                      200]})

('https://www.youtube.com/watch?v=ey3auzXaYl4',
 'https://r2---sn-4g5edns7.googlevideo.com',
 {'173.194.188.7': [datetime.datetime(2018, 6, 25, 16, 10, 3, 156734),
                    [14.133, 15.325, 20.994],
                    [16.740171909332275,
                     None,
                     1446,
                     102870921.0,
                     569.1337261410789,
                     102870920,
                     0,
                     261120,
                     31277.047987348866,
                     None,
                     0.0,
                     1445.9999859435493,
                     0.0,
                     0.09902477264404297,
                     51753.29204297431],
                    None,
                    '_default_192.168.1.1__google_public_dns_8.8.8.8__open_dns_208.67.220.220',
                    0.002621173858642578,
                    15169,
                    200]})

('https://www.youtube.com/watch?v=O7FqjNiooKc',
 'https://r2---sn-4g5edns7.googlevideo.com',
 {'173.194.188.7': [datetime.datetime(2018, 6, 25, 16, 10, 39, 532514),
                    [14.427, 15.13, 15.519],
                    [12.594303131103516,
                     None,
                     848,
                     77788958.0,
                     733.8580943396227,
                     77788957,
                     0,
                     261120,
                     31416.223067854222,
                     None,
                     0.0,
                     847.9999890987099,
                     0.0,
                     0.0839529037475586,
                     51496.226758437995],
                    None,
                    '_default_192.168.1.1__google_public_dns_8.8.8.8__open_dns_208.67.220.220',
                    0.0021181106567382812,
                    15169,
                    200]})

('https://www.youtube.com/watch?v=3aea5Y8LJ-g',
 'https://r3---sn-4g5e6nez.googlevideo.com',
 {'173.194.151.89': [datetime.datetime(2018, 6, 25, 16, 11, 11, 822660),
                     [15.221, 16.463, 17.038],
                     [3.24481201171875,
                      None,
                      541,
                      20322771.0,
                      300.5215674676525,
                      20322770,
                      0,
                      130048,
                      19704.976598597434,
                      None,
                      0.0,
                      540.9999733796144,
                      0.0,
                      0.1035609245300293,
                      53087.91210173567],
                     None,
                     '_default_192.168.1.1__google_public_dns_8.8.8.8__open_dns_208.67.220.220',
                     0.002447843551635742,
                     15169,
                     200]})


('https://www.youtube.com/watch?v=J8MLpv_utfM',
 'https://r2---sn-4g5ednly.googlevideo.com',
 {'173.194.187.231': [datetime.datetime(2018, 6, 25, 16, 11, 34, 950850),
                      [16.663, 17.492, 18.572],
                      [6.344647169113159,
                       None,
                       437,
                       39638500.0,
                       725.6475972540046,
                       39638499,
                       0,
                       261120,
                       34241.83901640625,
                       None,
                       0.0,
                       436.99998897536483,
                       0.0,
                       0.1033639907836914,
                       51693.375150347616],
                      None,
                      '_default_192.168.1.1__google_public_dns_8.8.8.8__open_dns_208.67.220.220',
                      0.0025680065155029297,
                      15169,
                      200]})

('https://www.youtube.com/watch?v=pzD9zGcUNrw',
 'https://r5---sn-4g5e6nsy.googlevideo.com',
 {'173.194.187.138': [datetime.datetime(2018, 6, 25, 16, 12, 0, 942816),
                      [15.06, 15.641, 16.563],
                      [0.6653449535369873,
                       None,
                       92,
                       4048526.0,
                       352.04573913043475,
                       4048525,
                       0,
                       130048,
                       24987.612794392844,
                       None,
                       0.0,
                       91.9999772756801,
                       0.0,
                       0.10064291954040527,
                       51398.26233059088],
                      None,
                      '_default_192.168.1.1__google_public_dns_8.8.8.8__open_dns_208.67.220.220',
                      0.002363920211791992,
                      15169,
                      200]})

('https://www.youtube.com/watch?v=Fz8G63_QTXc',
 'https://r3---sn-4g5ednsk.googlevideo.com',
 {'173.194.188.232': [datetime.datetime(2018, 6, 25, 16, 12, 21, 540800),
                      [17.187, 18.236, 19.265],
                      [10.415533065795898,
                       None,
                       923,
                       64145170.0,
                       555.9711375947995,
                       64145169,
                       0,
                       261120,
                       34892.70736878995,
                       None,
                       0.0,
                       922.9999856107639,
                       0.0,
                       0.10142183303833008,
                       52596.887166686596],
                      None,
                      '_default_192.168.1.1__google_public_dns_8.8.8.8__open_dns_208.67.220.220',
                      0.0021309852600097656,
                      15169,
                      200]})



('https://www.youtube.com/watch?v=Gv1xjf8BUrY',
 'https://r2---sn-4g5e6nlk.googlevideo.com',
 {'74.125.173.40': [datetime.datetime(2018, 6, 25, 16, 12, 52, 32729),
                    [15.027, 15.754, 16.753],
                    [6.907690048217773,
                     None,
                     924,
                     43217933.0,
                     374.1812380952381,
                     43217932,
                     0,
                     130048,
                     24926.521876455197,
                     None,
                     0.0,
                     923.9999786199863,
                     0.0,
                     0.09250307083129883,
                     51242.56083217598],
                    None,
                    '_default_192.168.1.1__google_public_dns_8.8.8.8__open_dns_208.67.220.220',
                    0.0024590492248535156,
                    15169,
                    200]})

('https://www.youtube.com/watch?v=08vIy0y1N9I',
 'https://r5---sn-4g5e6nsk.googlevideo.com',
 {'173.194.187.74': [datetime.datetime(2018, 6, 25, 16, 13, 18, 681734),
                     [15.058, 15.882, 16.332],
                     [4.619149923324585,
                      None,
                      329,
                      28996373.0,
                      705.0789787234042,
                      28996372,
                      0,
                      261120,
                      32217.110975698542,
                      None,
                      0.0,
                      328.99998865375335,
                      0.0,
                      0.08474397659301758,
                      51340.96214962032],
                     None,
                     '_default_192.168.1.1__google_public_dns_8.8.8.8__open_dns_208.67.220.220',
                     0.0025141239166259766,
                     15169,
                     200]})

('https://www.youtube.com/watch?v=ZCNyOsPh2ng',
 'https://r3---sn-4g5ednse.googlevideo.com',
 {'173.194.188.40': [datetime.datetime(2018, 6, 25, 16, 13, 43, 193124),
                     [16.749, 17.603, 18.467],
                     [4.762603044509888,
                      None,
                      395,
                      29844308.0,
                      604.4416810126583,
                      29844307,
                      0,
                      261120,
                      33796.98542635181,
                      None,
                      0.0,
                      394.99998676464537,
                      0.0,
                      0.12379789352416992,
                      60222.20234107656],
                     None,
                     '_default_192.168.1.1__google_public_dns_8.8.8.8__open_dns_208.67.220.220',
                     0.0023920536041259766,
                     15169,
                     200]})

('https://www.youtube.com/watch?v=ZHbT3LWwsQ0',
 'https://r3---sn-4g5e6nld.googlevideo.com',
 {'74.125.173.25': [datetime.datetime(2018, 6, 25, 16, 14, 7, 712429),
                    [14.326, 15.051, 16.166],
                    [9.297421932220459,
                     None,
                     827,
                     58554735.0,
                     566.4303264812576,
                     58554734,
                     0,
                     261120,
                     29225.651055517752,
                     None,
                     0.0,
                     826.9999858764625,
                     0.0,
                     0.10347509384155273,
                     51801.19981704288],
                    None,
                    '_default_192.168.1.1__google_public_dns_8.8.8.8__open_dns_208.67.220.220',
                    0.002505064010620117,
                    15169,
                    200]})

('https://www.youtube.com/watch?v=gPtU_-N6dMg',
 'https://r1---sn-4g5ednls.googlevideo.com',
 {'173.194.163.71': [datetime.datetime(2018, 6, 25, 16, 14, 36, 710962),
                     [15.063, 15.923, 16.444],
                     [2.2072949409484863,
                      None,
                      198,
                      13688256.0,
                      553.0608484848485,
                      13688255,
                      0,
                      261120,
                      31579.1621782428,
                      None,
                      0.0,
                      197.9999855350455,
                      0.0,
                      0.11558794975280762,
                      54850.72068755485],
                     None,
                     '_default_192.168.1.1__google_public_dns_8.8.8.8__open_dns_208.67.220.220',
                     0.0023560523986816406,
                     15169,
                     200]})

('https://www.youtube.com/watch?v=FchkqXEg0qs',
 'https://r5---sn-4g5e6nsk.googlevideo.com',
 {'173.194.187.74': [datetime.datetime(2018, 6, 25, 16, 15, 1, 891239),
                     [14.93, 15.934, 17.728],
                     [30.343050956726074,
                      None,
                      28291,
                      2216702594.0,
                      626.8290534799053,
                      188738160,
                      0,
                      261120,
                      31616.880954381104,
                      None,
                      0.0,
                      2408.7991321040518,
                      0.0,
                      0.10273480415344238,
                      51620.775424099345],
                     None,
                     '_default_192.168.1.1__google_public_dns_8.8.8.8__open_dns_208.67.220.220',
                     0.0030438899993896484,
                     15169,
                     200]})

('https://www.youtube.com/watch?v=sBMOXHrXJtI',
 'https://r6---sn-4g5e6nes.googlevideo.com',
 {'173.194.151.76': [datetime.datetime(2018, 6, 25, 16, 15, 51, 998663),
                     [15.372, 16.409, 17.828],
                     None,
                     None,
                     '_default_192.168.1.1__google_public_dns_8.8.8.8__open_dns_208.67.220.220',
                     0.002357959747314453,
                     15169,
                     None]})

('https://www.youtube.com/watch?v=nxjmC-P-zh8',
 'https://r2---sn-4g5e6nzl.googlevideo.com',
 {'74.125.11.103': [datetime.datetime(2018, 6, 25, 16, 16, 11, 634413),
                    [17.178, 18.027, 18.625],
                    [2.6834089756011963,
                     None,
                     302,
                     16906296.0,
                     447.84890066225165,
                     16906295,
                     0,
                     130048,
                     23320.133885218653,
                     None,
                     0.0,
                     301.99998213683233,
                     0.0,
                     0.10360383987426758,
                     53270.912198449616],
                    None,
                    '_default_192.168.1.1__google_public_dns_8.8.8.8__open_dns_208.67.220.220',
                    0.0021970272064208984,
                    15169,
                    200]})

('https://www.youtube.com/watch?v=ek1ePFp-nBI',
 'https://r3---sn-4g5edn7y.googlevideo.com',
 {'173.194.151.121': [datetime.datetime(2018, 6, 25, 16, 16, 34, 57969),
                      [16.328, 17.369, 18.427],
                      [1.3514580726623535,
                       None,
                       164,
                       8346837.0,
                       407.1627804878049,
                       8346836,
                       0,
                       130048,
                       21131.041096801062,
                       None,
                       0.0,
                       163.99998035183867,
                       0.0,
                       0.1261000633239746,
                       50927.777938523715],
                      None,
                      '_default_192.168.1.1__google_public_dns_8.8.8.8__open_dns_208.67.220.220',
                      0.0023908615112304688,
                      15169,
                      200]})


('https://www.youtube.com/watch?v=zF2QwHnk3EE',
 'https://r4---sn-4g5e6nz7.googlevideo.com',
 {'173.194.187.169': [datetime.datetime(2018, 6, 25, 16, 16, 55, 542578),
                      [16.672, 17.659, 18.267],
                      [10.992393970489502,
                       None,
                       1144,
                       65779585.0,
                       459.9970979020979,
                       65779584,
                       0,
                       130048,
                       24216.469784045064,
                       None,
                       0.0,
                       1143.999982608586,
                       0.0,
                       0.12742900848388672,
                       51420.308920244854],
                      None,
                      '_default_192.168.1.1__google_public_dns_8.8.8.8__open_dns_208.67.220.220',
                      0.002557992935180664,
                      15169,
                      200]})

('https://www.youtube.com/watch?v=Gi56dSh8Fq8',
 'https://r4---sn-4g5ednee.googlevideo.com',
 {'74.125.11.26': [datetime.datetime(2018, 6, 25, 16, 17, 26, 275526),
                   [15.017, 15.861, 17.136],
                   [2.44748592376709,
                    None,
                    256,
                    15414123.0,
                    481.69134375,
                    15414122,
                    0,
                    130048,
                    25302.455469561235,
                    None,
                    0.0,
                    255.99998339185436,
                    0.0,
                    0.10795903205871582,
                    51470.25144841683],
                   None,
                   '_default_192.168.1.1__google_public_dns_8.8.8.8__open_dns_208.67.220.220',
                   0.0024220943450927734,
                   15169,
                   200]})

('https://www.youtube.com/watch?v=Qp25FOn37nA',
 'https://r4---sn-4g5e6nsk.googlevideo.com',
 {'173.194.187.73': [datetime.datetime(2018, 6, 25, 16, 17, 48, 393856),
                     [15.479, 16.325, 17.295],
                     [3.2255067825317383,
                      None,
                      390,
                      20322700.0,
                      416.87589743589746,
                      20322699,
                      0,
                      130048,
                      25483.4659343596,
                      None,
                      0.0,
                      389.9999808096365,
                      0.0,
                      0.10881996154785156,
                      51755.728151193856],
                     None,
                     '_default_192.168.1.1__google_public_dns_8.8.8.8__open_dns_208.67.220.220',
                     0.002270936965942383,
                     15169,
                     200]})

('https://www.youtube.com/watch?v=qPEIPu0V8GQ',
 'https://r1---sn-4g5ednek.googlevideo.com',
 {'173.194.164.183': [datetime.datetime(2018, 6, 25, 16, 18, 11, 425522),
                      [14.972, 34.217, 118.559],
                      [30.16326403617859,
                       None,
                       12952,
                       1083275295.0,
                       669.101479308215,
                       188742656,
                       0,
                       261120,
                       31273.25232393537,
                       None,
                       0.0,
                       2256.6700189650314,
                       0.0,
                       0.10711407661437988,
                       52441.97831161987],
                      None,
                      '_default_192.168.1.1__google_public_dns_8.8.8.8__open_dns_208.67.220.220',
                      0.0029649734497070312,
                      15169,
                      200]})

('https://www.youtube.com/watch?v=s_SJZSAtLBA',
 'https://r4---sn-4g5e6nzl.googlevideo.com',
 {'74.125.11.105': [datetime.datetime(2018, 6, 25, 16, 19, 1, 524477),
                    [14.082, 15.219, 20.931],
                    [1.7701740264892578,
                     None,
                     128,
                     9073987.0,
                     567.1241875,
                     9073986,
                     0,
                     261120,
                     32583.97558857109,
                     None,
                     0.0,
                     127.99998589374219,
                     0.0,
                     0.08092617988586426,
                     51025.564849860195],
                    None,
                    '_default_192.168.1.1__google_public_dns_8.8.8.8__open_dns_208.67.220.220',
                    0.0037741661071777344,
                    15169,
                    200]})

('https://www.youtube.com/watch?v=PPWDwBrUNyY',
 'https://r1---sn-4g5edns6.googlevideo.com',
 {'173.194.188.166': [datetime.datetime(2018, 6, 25, 16, 19, 23, 6102),
                      [13.548, 14.606, 15.392],
                      [30.219630002975464,
                       None,
                       29719,
                       2268802706.0,
                       610.7346023755847,
                       184548352,
                       0,
                       261120,
                       35693.41221744232,
                       None,
                       0.0,
                       2417.395068589979,
                       0.0,
                       0.12103796005249023,
                       51591.17983858425],
                      None,
                      '_default_192.168.1.1__google_public_dns_8.8.8.8__open_dns_208.67.220.220',
                      0.002588987350463867,
                      15169,
                      200]})

('https://www.youtube.com/watch?v=UbmGPOHJYpA',
 'https://r5---sn-4g5ednsd.googlevideo.com',
 {'173.194.188.202': [datetime.datetime(2018, 6, 25, 16, 20, 13, 86353),
                      [13.713, 14.688, 15.349],
                      [3.612903118133545,
                       None,
                       408,
                       22583372.0,
                       442.8112156862745,
                       22583371,
                       0,
                       130048,
                       25811.467956559798,
                       None,
                       0.0,
                       407.9999819336103,
                       0.0,
                       0.10273003578186035,
                       53012.14410163567],
                      None,
                      '_default_192.168.1.1__google_public_dns_8.8.8.8__open_dns_208.67.220.220',
                      0.002640962600708008,
                      15169,
                      200]})

('https://www.youtube.com/watch?v=uHRwMmwbFnA',
 'https://r1---sn-4g5edns7.googlevideo.com',
 {'173.194.188.6': [datetime.datetime(2018, 6, 25, 16, 20, 36, 354770),
                    [16.546, 17.667, 18.255],
                    [3.14168119430542,
                     None,
                     211,
                     19475263.0,
                     738.3985971563981,
                     19475262,
                     0,
                     261120,
                     29658.364251274448,
                     None,
                     0.0,
                     210.99998916574324,
                     0.0,
                     0.14058899879455566,
                     51371.43383221091],
                    None,
                    '_default_192.168.1.1__google_public_dns_8.8.8.8__open_dns_208.67.220.220',
                    0.0035419464111328125,
                    15169,
                    200]})

('https://www.youtube.com/watch?v=OkFdqqyI8y4',
 'https://r3---sn-4g5e6nzl.googlevideo.com',
 {'74.125.11.104': [datetime.datetime(2018, 6, 25, 16, 20, 59, 153063),
                    [14.017, 14.482, 15.17],
                    [0.28657078742980957,
                     None,
                     36,
                     1704812.0,
                     378.84711111111113,
                     1704811,
                     0,
                     130048,
                     27489.34914569015,
                     None,
                     0.0,
                     35.999978883302084,
                     0.0,
                     0.10694599151611328,
                     53106.24168160742],
                    None,
                    '_default_192.168.1.1__google_public_dns_8.8.8.8__open_dns_208.67.220.220',
                    0.0027861595153808594,
                    15169,
                    200]})

('https://www.youtube.com/watch?v=8Od-IMIGjfg',
 'https://r6---sn-4g5edn7l.googlevideo.com',
 {'173.194.151.220': [datetime.datetime(2018, 6, 25, 16, 21, 19, 322284),
                      [13.59, 14.521, 15.047],
                      [13.520995855331421,
                       None,
                       1262,
                       83010267.0,
                       526.2140538827259,
                       83010266,
                       0,
                       261120,
                       33474.31004924641,
                       None,
                       0.0,
                       1261.9999847970612,
                       0.0,
                       0.10663700103759766,
                       52552.26506594654],
                      None,
                      '_default_192.168.1.1__google_public_dns_8.8.8.8__open_dns_208.67.220.220',
                      0.002282857894897461,
                      15169,
                      200]})

